090412
41450000000000000002543500443
0859066711700055336701608700001070000003900000004124322000
0870065281500000000001504700001890000004900000002288202800
0870067011500000000001504700001890000007200000001311406100
0870067801500000000001504700001890000004900000001199779800
0289290041500000000001109700001400000004600000000012000000
0289290040700000000001,200.00            00000000000000031
0993095611500000000001505700001270000006800000001000000000
099309561070000000000100,000.00          00000000000000032
0993095631500000000001505700001270000005000000001000000000
099309563070000000000100,000.00          00000000000000032
0285664591500000000003524040002362012002100000000073312000
0285664590700000000007,331.20            00000000000000031
9307281011500000000001520600003700000001600000000170000000
93072810107000000000017,000.00           00000000000000031
0325618511500000000001515700002850000006400000000500000000
03256185107000000000050,000.00           00000000000000031
0619614761500000000001512500001160000001700000000030000000
0619614760700000000003,000.00            00000000000000031
4380487011500000000001504500008110000001500000000030000000
4380487010700000000003,000.00            00000000000000031
7466433051500000000001523600000320000001300000000675680000
74664330507000000000067,568.00           00000000000000031
0335351341500000000003127040002452012002100000000004732800
033535134070000000000473.28              00000000000000031
4866238581500000000001511600010180000001300000001000000000
486623858070000000000100,000.00          00000000000000032
4498229491500000000001114500006040000001800000001195000000
449822949070000000000119,500.00          00000000000000032
0870398931500000000011607700000440000002400000004000000000
0870404211500000000011607700000440000002400000003767208000
0361216381500000000003120040002472012002600000000103008000
03612163807000000000010,300.80           00000000000000031
4482323351500000000001509600012500000001400000000300000000
44823233507000000000030,000.00           00000000000000031
0415323321500000000001401600005940000003600000000320000000
04153233207000000000032,000.00           00000000000000031
0305108981500000000001102700001010000012300000000023200000
0305108980700000000002,320.00            00000000000000031
4029231541500000000001521700000760000019200000000705000000
40292315407000000000070,500.00           00000000000000031
0019651131500000000003125040002632012002000000000052000000
0019651130700000000005,200.00            00000000000000031
0915078501500000000001507600005630000001000000000190000000
09150785007000000000019,000.00           00000000000000031
0170386171500000000001206500098060000001400000000280950300
01703861707000000000028,095.03           00000000000000036
0331844431500000000001516500003230000025100000000210000000
03318444307000000000021,000.00           00000000000000031
0528744071500000000001526700000200000002000000000146670000
05287440707000000000014,667.00           00000000000000031
0316349031500000000001206500095380000001900000000981911000
03163490307000000000098,191.10           00000000000000036
4412289451500000000001609500017440000001900000000121730000
44122894507000000000012,173.00           00000000000000031
4482323391500000000001126600000140000001600000000580000000
44823233907000000000058,000.00           00000000000000031
0204829391500000000001410600006740000003800000000633297700
02048293907000000000063,329.77           00000000000000031
0425398961500000000001514500003090000001200000000058500000
0425398960700000000005,850.00            00000000000000031
0277402301500000000001511500001110000001300000000089466700
0277402300700000000008,946.67            00000000000000031
087057694514145002601AUT. 57694 SER BCA E00000227189398001
4380487151500000000001504500012150000001500000000120000000
43804871507000000000012,000.00           00000000000000031
0302541511500000000001105500001660000002700000001450000000
030254151070000000000145,000.00          00000000000000042
0782379921500000000001607600001360000001700000001200000000
078237992070000000000120,000.00          00000000000000031
0195692501500000000003119040002742012001700000000011600000
0195692500700000000001,160.00            00000000000000036
0010269791500000000001207500117730000002600000000596600000
00102697907000000000059,660.00           00000000000000036
4791294971500000000003524040001252012001700000000036864800
4791294970700000000003,686.48            00000000000000031
0302541531500000000001105500001660000002700000007030000000
030254153070000000000703,000.00          00000000000000032
0730269641500000000001108500019300000003500000000640000000
07302696407000000000064,000.00           00000000000000031
7133291391500000000001117700000220000003100000000019750000
7133291390700000000001,975.00            00000000000000031
7133291391500000000001117700000220000004900000000014600000
7133291390700000000001,460.00            00000000000000031
0296762421500000000001609700000370000008800000000067730000
0296762420700000000006,773.00            00000000000000031
0296762421500000000001609700000370000009600000000043060000
0296762420700000000004,306.00            00000000000000031
0519387081500000904122216700000130000081600000000029000000
0519395771500000904122216700000130000080800000000029000000
0870688541500006829921506700001730000090400000000072600000
4585244681500000000001108600006300000001200000001290900000
458524468070000000000129,090.00          00000000000000031
0519412311500000904122216700000130000082400000000029000000
0870700351500000025151506700002100000021400000001635331300
0204829471500000000001410600006740000003800000000002600000
020482947070000000000260.00              00000000000000031
0519423231500000904122216700000130000079000000000029000000
0870711891500000024941506700002100000036200000000431253900
0519430411500000904122216700000130000078200000000029000000
0870723371500000016891506700002100000084200000000032500000
0870732301500000016891506700002100000085900000000014820000
0025377211500000000001109700000970000015500000000015870000
0025377210700000000001,587.00            00000000000000031
5122131691500000000001415500011370000002600000001804518600
512213169070000000000180,451.86          00000000000000036
4029231611500000000001521700000760000011900000000615260000
40292316107000000000061,526.00           00000000000000031
0010269931500000000001207500118610000001100000001761630000
001026993070000000000176,163.00          00000000000000036
4029231621500000000001521700000760000018400000000198000000
40292316207000000000019,800.00           00000000000000031
0331844651500000000001516500003220000053400000000370000000
03318446507000000000037,000.00           00000000000000031
4029231621500000000001521700000760000008500000000050000000
4029231620700000000005,000.00            00000000000000031
4347391061500000000001108700000380000018200000000011600000
4347391060700000000001,160.00            00000000000000031
4029231621500000000001521700000760000022600000000200000000
40292316207000000000020,000.00           00000000000000031
4029231621500000000001521700000760000047300000000244940000
40292316207000000000024,494.00           00000000000000031
4029231621500000000001521700000760000003600000000218000000
40292316207000000000021,800.00           00000000000000031
0785572461500000000001106700002290000003500000000018000000
0785572460700000000001,800.00            00000000000000031
0204829511500000000003126040001782012002300000000025495000
0204829510700000000002,549.50            00000000000000032
0953322801500000000001415500010250000003900000002014000000
09533228007000000000056,400.00           00000000000000031
095332280070000000000145,000.00          00000000000000032
0010269991500000000001207500115760000001700000001095500000
001026999070000000000109,550.00          00000000000000036
0519519061500000009101511700001010000017700000000232704000
4597200531500000000001109600003550000001400000000142020000
45972005307000000000014,202.00           00000000000000031
0790294341500000000001514500003380000001700000000111500000
07902943407000000000011,150.00           00000000000000031
4243247111500000000001207500098780000002400000000493000000
42432471107000000000049,300.00           00000000000000036
0223680931500000000001529600000090000001600000000100000000
02236809307000000000010,000.00           00000000000000031
4243247111500000000001207500098780000002400000000068960000
4243247110700000000006,896.00            00000000000000036
0010270041500000000001207500115740000001900000000782310000
00102700407000000000078,231.00           00000000000000032
0519571361500000904121614700001180000021600000001497021000
0658923701500000000001101700000400000021900000000900000000
06589237007000000000090,000.00           00000000000000032
0519576741500000904121614700000920000018200000000481881600
0302541601500000000001105500001660000002700000000030000000
0302541600700000000003,000.00            00000000000000031
0859131711700000000311101700000610000003100000001299736500
0859131771700000000231101700000610000002300000000337672500
0859131861700000000491101700000610000004900000002372062500
0953322911300000000001415500009700000003600000001000000000
0859132261700000000291101700000320000002900000001337356000
0859132291700000000371101700000320000003700000000049397900
0859132391700000000451101700000320000045 00000000033470300
0859132631700000000601101700000320000006000000000064835300
0446467981500000000003130040002032012001800000000003219000
044646798070000000000321.90              00000000000000031
0537597381500000000001524700000400000004400000000012300000
0537597380700000000001,230.00            00000000000000031
0859132761700000000261101700000430000002600000000012809800
0859132801700000000341101700000430000003400000000064948900
0782380031500000000001607500015570000001700000000500000000
07823800307000000000050,000.00           00000000000000031
0859133001700000000591101700000430000005900000000062573500
0859133031700000000831101700000430000008300000000061751400
0859133191700000000911101700000430000009100000000120773800
0859133201700000001091101700000430000010900000000113988900
0859133281700000000671101700000430000006700000000033073700
0335351461500000000001106700001510000025000000000036200000
0335351460700000000003,620.00            00000000000000031
0859133351700000000301101700000620000003000000000096211200
0859133371700000000221101700000620000002200000000122316500
0447190911500000000001128700000040000004800000000240000000
0447190910700000000004,203.80            00000000000000031
04471909107000000000019,796.20           00000000000000032
085913384170000000020primer abono credito00000001000000000
0046123381500000000001603500007620000001400000000288958600
00461233807000000000028,895.86           00000000000000031
0010270121500000000001207500118610000001100000001174420000
001027012070000000000117,442.00          00000000000000036
0993815051500000000001505600004100000001700000000130000000
09938150507000000000013,000.00           00000000000000031
0870102781500012345661511700001820000005400000000133333900
0672981171500000000001415600005010000002400000001026280000
067298117070000000000102,628.00          00000000000000036
6497430291500000000001525600000280000001700000000900000000
64974302907000000000090,000.00           00000000000000031
0824834431500000000001523600001000000001000000000220000000
08248344307000000000022,000.00           00000000000000031
0126956211500000000001209600007590000001500000000128858700
01269562107000000000012,885.87           00000000000000036
0790294381500000000001514500003390000001600000000083000000
0790294380700000000008,300.00            00000000000000031
9432240581500000000001512700001080000002100000000060000000
9432240580700000000006,000.00            00000000000000032
0870112791500000000001524700000330000002700000000279513600
9432240581500000000001512700001080000002100000000040000000
9432240580700000000004,000.00            00000000000000031
0475748911500000000001106600005010000001000000000450000000
04757489107000000000045,000.00           00000000000000031
0217608571500000000001522700001440000004100000000023740000
0217608570700000000002,374.00            00000000000000031
0126956241500000000001209600007510000001300000000195169100
01269562407000000000019,516.91           00000000000000031
0324039881500000000001607500015400000002500000001000000000
032403988070000000000100,000.00          00000000000000031
0324039911500000000001607500015400000002500000000200000000
03240399107000000000020,000.00           00000000000000032
4017594621500000000001522700001490000003800000000073772500
4017594620700000000007,377.25            00000000000000032
0839489841500000000001524700000660000003500000000279170000
08394898407000000000027,917.00           00000000000000032
0839489851500000000001524700000660000002700000000391670000
08394898507000000000039,167.00           00000000000000032
0839489851500000000001524700000660000004300000000341250000
08394898507000000000034,125.00           00000000000000032
7998181881500000000001522700001260000003500000000111910200
79981818807000000000011,191.02           00000000000000032
4347391161500000000001523500000960000001800000000025000000
4347391160700000000002,500.00            00000000000000031
4044125291500000000001206700001820000006200000000500462200
40441252907000000000050,046.22           00000000000000031
4217889481500000000001114600016030000002300000000187050000
42178894807000000000018,705.00           00000000000000031
0870126161500000904121606700000670000003500000000770000000
4017594631500000000001522700001490000003800000011803631400
4017594630700000000001,180,363.14        00000000000000032
0437354931500000000001533600000740000002800000000500000000
04373549307000000000050,000.00           00000000000000032
0870127341500000904121606700000670000002700000000311255000
0437354941500000000001533600000740000002800000000220000000
04373549407000000000022,000.00           00000000000000031
0735884581500000000001511700001080000016200000000014933900
0735884580700000000001,493.39            00000000000000032
0519791601500000904121105700000370000209100000000112730300
0735884581500000000001511700001080000014700000001004666800
0985134901500000000001103600005770000001200000000570000000
09851349007000000000032,000.00           00000000000000031
09851349007000000000025,000.00           00000000000000036
0519796641500000904121105700000370000210900000000090170800
0046124191500000000001609500015090000001400000000120000000
00461241907000000000012,000.00           00000000000000032
0985135061300000000001103600005770000001200000000642230000
0519803261500000904121105700000370000211700000000135278300
0039296431500000000001103600005750000001400000000618850000
00392964307000000000061,885.00           00000000000000031
0519807981500000904121105700000370000213300000000162306200
0045242431500000000001511700001630000008100000000153620000
00452424307000000000015,362.00           00000000000000031
0765219001500000000001524500000480000001600000000204000000
07652190007000000000020,400.00           00000000000000031
0293373611500000000001210500008880000001800000000045000000
0293373610700000000004,500.00            00000000000000031
0304355641500000000001120600000230000001100000000437000000
03043556407000000000043,700.00           00000000000000031
0010270321500000000001207500122000000001900000001735250000
0519826931500000904121105700000370000212500000000090170800
4880723111500000000001404700001210000012400000000007250000
488072311070000000000725.00              00000000000000031
0782380131500000000001509500005320000001800000000800000000
07823801307000000000080,000.00           00000000000000032
0519830391500000904121105700000370000215800000000225462900
0213893381500000000001519500005250000001500000000200000000
02138933807000000000020,000.00           00000000000000031
0852619731500000000001401600006790000001800000000088680000
0852619730700000000008,868.00            00000000000000031
4352816441500000000001206500097800000002200000000924681600
43528164407000000000092,468.16           00000000000000036
0046422751500000000001608700001120000008700000001067317500
004642275070000000000106,731.75          00000000000000032
0046422761500000000001608700001120000007900000001049895000
004642276070000000000104,989.50          00000000000000032
0859155921700000000561101700000610000005600000005348750000
0046422761500000000001608700001120000003800000000086428500
0046422760700000000008,642.85            00000000000000032
0868346701500000000001109600003400000001200000000968750000
08683467007000000000062,875.00           00000000000000031
08683467007000000000034,000.00           00000000000000032
0519857521500015147261514700001010000002600000003623350000
0168135621500000000001129700000050000003800000000000660000
01681356207000000000066.00               00000000000000031
0868346701500000000001109600003560000001300000000227060000
08683467007000000000022,706.00           00000000000000031
0824834501500000000001103700000810000021700000000014850000
0824834500700000000001,485.00            00000000000000031
0824834501500000000001103700001370000014600000000021750000
0824834500700000000002,175.00            00000000000000031
9432240651500000000001512700000780000010000000001004504000
943224065070000000000100,450.40          00000000000000031
0824134211500000000001102500006900000004100000001414715000
082413421070000000000141,471.50          00000000000000032
4650623881500000000001103500008670000004700000000350000000
46506238807000000000035,000.00           00000000000000031
4386596731500000000001207500100110000004600000001096000000
438659673070000000000109,600.00          00000000000000032
0782380161500000000001509600012950000001100000002200000000
078238016070000000000100,000.00          00000000000000031
078238016070000000000120,000.00          00000000000000032
4386596731500000000001207500100110000004600000001096000000
438659673070000000000109,600.00          00000000000000032
0213893441300000000001519700000450000003800000000502286500
0415323591500000000001401600005980000003200000000900000000
04153235907000000000090,000.00           00000000000000032
4029231731500000000001521700000760000011900000000140000000
40292317307000000000014,000.00           00000000000000031
4029231741500000000001521700000760000002800000000030000000
4029231740700000000003,000.00            00000000000000031
4029231741500000000001521700000760000021800000000100000000
40292317407000000000010,000.00           00000000000000031
4029231741500000000001521700000760000039000000000125300000
40292317407000000000012,530.00           00000000000000031
4029231741500000000001521700000760000036600000000100000000
40292317407000000000010,000.00           00000000000000031
4095486741500000000001607500015210000001000000000400000000
40954867407000000000040,000.00           00000000000000031
0010270451500000000001207500122050000002200000000471000000
00102704507000000000030,000.00           00000000000000031
00102704507000000000017,100.00           00000000000000032
4243247191500000000001207700002570000013700000002775198600
424324719070000000000277,519.86          00000000000000032
9033294921300000000001615600002120000002200000000037800000
0790294461500000000001514500003380000001700000000000300000
07902944607000000000030.00               00000000000000031
0126956351500000000001209700002820000004300000002100000000
012695635070000000000210,000.00          00000000000000032
0671617151500000000002127500005160000001800000000040808800
0671617150700000000004,080.88            00000000000000031
0126956361500000000001209700002820000002700000004970137100
012695636070000000000497,013.71          00000000000000032
0282217391500000000001203500004870000001200000000113800000
02822173907000000000011,380.00           00000000000000031
0126956361500000000001209700002820000044900000001228355800
012695636070000000000122,835.58          00000000000000032
0569604951500000000001417700000690000012300000000039901000
0569604950700000000003,990.10            00000000000000032
4380487541500000000001504600011020000001900000000040000000
4380487540700000000004,000.00            00000000000000031
0010270521500000000001207500115740000001900000001099000000
001027052070000000000109,900.00          00000000000000032
0569604951500000000001417700000520000004900000000035884400
0569604950700000000003,588.44            00000000000000032
0010270521500000000001207500121710000002200000000585800000
00102705207000000000058,580.00           00000000000000036
0546754741515195000041519500004850000002100000000187937500
05467547407151950000418,793.75           00000000000000031
0569604961500000000001417700000520000005600000000032554800
0569604960700000000003,255.48            00000000000000032
085916737170002000000ABONO EN CUENTA     00000002795321800
0569604961500000000001417700000690000009900000000021393200
0569604960700000000002,139.32            00000000000000032
0569604961500000000001417700000690000008100000000033833400
0569604960700000000003,383.34            00000000000000032
0569604961500000000001417700001130000006100000000064000000
0569604960700000000006,400.00            00000000000000032
0569604971500000000001417700001130000007900000000040000000
0569604970700000000004,000.00            00000000000000032
0765219911500000000001109700001090000015100000000054430000
0765219910700000000005,443.00            00000000000000031
0765219931500000000001109700001090000016900000000067150000
0765219930700000000006,715.00            00000000000000031
4386596751500000000001207500086020000001100000000156110800
43865967507000000000015,611.08           00000000000000036
0993815291500000000001505700001210000010600000000032000000
0993815290700000000003,200.00            00000000000000031
0993815291500000000001505700001210000012200000000022000000
0993815290700000000002,200.00            00000000000000031
0765220031500000000001524500000480000001600000000010000000
0765220030700000000001,000.00            00000000000000031
5197128451500000000001514700000730000020200000000258750000
51971284507000000000025,875.00           00000000000000032
0330519181500000000001103500008220000005800000002000000000
033051918070000000000200,000.00          00000000000000031
0984837871500000000001409700000440000012300000000077500000
0984837870700000000007,750.00            00000000000000031
0984837871500000000001409700000440000013100000000064250000
0984837870700000000006,425.00            00000000000000031
0984837871500000000001409700000440000014900000000061650000
0984837870700000000006,165.00            00000000000000031
0984837881500000000001409700000440000016400000000019500000
0984837880700000000001,950.00            00000000000000031
0984837881500000000001409700000440000017200000000017800000
0984837880700000000001,780.00            00000000000000031
0984837881500000000001409700000440000018000000000017800000
0984837880700000000001,780.00            00000000000000031
0658924201500000000001101700000400000021900000000104920000
06589242007000000000010,492.00           00000000000000031
0658924201500000000001415500011440000002700000003456120000
065892420070000000000345,612.00          00000000000000031
4443133711500000000001128700000030000003100000001300000000
444313371070000000000130,000.00          00000000000000031
0238729901500000000001515700002960000004600000000480000000
02387299007000000000048,000.00           00000000000000031
4180978001500000000001209700002850000002400000028988652000
4180978000700000000002,898,865.20        00000000000000032
0639066691500000000001506700001770000021500000000150000000
06390666907000000000015,000.00           00000000000000036
0117497971500000000001314700001440000015900000009999500000
011749797070000000000999,950.00          00000000000000032
0117497971500000000001314700001440000015900000000027776200
0117497970700000000002,777.62            00000000000000032
0870162991500000904121514700000370000100700000169276677800
9400220741500000000001206600012040000001700000005527929900
940022074070000000000552,792.99          00000000000000032
0519101321500000904121105700000370000171300000008150880000
0519101631500000904121105700000370000171300000000225167200
4347391271500000000001523500000930000001100000001004000000
434739127070000000000100,400.00          00000000000000031
0589658211500000000001512500001130000001000000000170000000
05896582107000000000017,000.00           00000000000000031
4813403651500000000001515500000050000001800000000270000000
48134036507000000000027,000.00           00000000000000031
058965821000000000000                    00000000170000039
0589658241500000000001512500001150000001800000000170000000
05896582407000000000017,000.00           00000000000000031
0416291691500000000001407600004710000001200000000500000000
04162916907000000000050,000.00           00000000000000031
0302541891500000000001105700000240000014000000030000000000
0302541890700000000003,000,000.00        00000000000000032
0302541891500000000001105700000240000014000000030000000000
0302541890700000000003,000,000.00        00000000000000032
0302541891500000000001105700000240000014000000024011200000
0302541890700000000002,401,120.00        00000000000000032
4408613281500000000001103500008220000005800000000990000000
44086132807000000000099,000.00           00000000000000031
7124573961500000000001509500005280000001400000000450000000
71245739607000000000045,000.00           00000000000000031
4380487591500000000001504700002020000006700000001353387800
438048759070000000000135,338.78          00000000000000032
0010270651500000000001207500119520000002900000000882000000
00102706507000000000088,200.00           00000000000000036
4408613291500000000001103500008220000005800000000990000000
44086132907000000000099,000.00           00000000000000031
4408613291500000000001103500008220000005800000000990000000
44086132907000000000099,000.00           00000000000000031
4200674041500000000001106700001540000015800000000050730000
4200674040700000000005,073.00            00000000000000031
0155616481500000000001301700000680000008100000002066024300
015561648070000000000206,602.43          00000000000000032
0870178541500000904121523700000120000039500000009319915000

